[{"scene_id": 0, "image_id": 0, "category_id": 1, "bbox": [922, 199, 204, 168], "score": 0.5806409120559692, "time": 0.0, "segmentation": {"counts": [672032, 6, 713, 9, 710, 11, 708, 14, 706, 16, 703, 18, 701, 22, 698, 23, 696, 26, 694, 27, 692, 30, 690, 32, 687, 35, 685, 37, 682, 40, 680, 43, 676, 46, 673, 48, 671, 51, 669, 52, 667, 54, 665, 56, 663, 58, 661, 60, 659, 63, 656, 65, 654, 68, 651, 70, 649, 73, 647, 74, 645, 76, 644, 78, 641, 81, 639, 82, 637, 85, 635, 87, 633, 89, 630, 92, 628, 94, 626, 95, 624, 98, 622, 99, 621, 101, 619, 102, 618, 104, 615, 106, 614, 108, 612, 109, 611, 110, 609, 111, 609, 111, 609, 111, 609, 112, 607, 113, 607, 113, 607, 112, 608, 112, 607, 113, 607, 113, 607, 113, 606, 113, 607, 113, 607, 113, 607, 112, 607, 113, 607, 113, 607, 112, 608, 112, 608, 111, 608, 112, 608, 112, 608, 111, 609, 110, 609, 111, 609, 110, 610, 109, 610, 110, 610, 109, 610, 109, 611, 109, 611, 108, 611, 108, 612, 92, 5, 9, 614, 92, 627, 92, 628, 92, 627, 93, 627, 93, 627, 93, 626, 94, 626, 94, 625, 95, 625, 95, 624, 96, 624, 96, 623, 97, 623, 97, 622, 98, 622, 98, 621, 99, 621, 99, 621, 99, 620, 100, 620, 100, 619, 101, 619, 101, 619, 100, 619, 101, 619, 101, 618, 102, 618, 102, 618, 102, 617, 103, 617, 103, 617, 103, 616, 104, 616, 103, 617, 103, 616, 104, 616, 104, 616, 103, 616, 104, 616, 104, 616, 103, 616, 104, 616, 104, 616, 104, 615, 104, 616, 104, 616, 104, 615, 104, 616, 103, 617, 103, 617, 102, 617, 102, 618, 101, 619, 101, 620, 99, 621, 98, 622, 97, 623, 96, 625, 94, 626, 94, 626, 93, 627, 92, 628, 90, 630, 89, 631, 88, 631, 88, 632, 86, 633, 85, 635, 84, 635, 82, 638, 80, 639, 77, 643, 73, 647, 70, 649, 65, 655, 59, 661, 55, 664, 54, 666, 53, 666, 52, 668, 50, 670, 48, 672, 47, 673, 45, 674, 45, 675, 44, 676, 43, 677, 42, 678, 41, 680, 39, 681, 38, 682, 37, 684, 35, 686, 33, 688, 31, 691, 29, 694, 25, 698, 21, 704, 15, 709, 9, 118561], "size": [720, 1280]}, "R": [[0.8232386112213135, 0.01626579463481903, 0.5674620270729065], [-0.5670945048332214, 0.06951740384101868, 0.8207136988639832], [-0.02609924226999283, -0.9974480867385864, 0.06645378470420837]], "t": [160.43299865722656, -34.90522003173828, 268.79254150390625]}, {"scene_id": 0, "image_id": 0, "category_id": 1, "bbox": [922, 199, 204, 168], "score": 0.582373321056366, "time": 0.0, "segmentation": {"counts": [672032, 6, 713, 9, 710, 11, 708, 14, 706, 16, 703, 18, 701, 22, 698, 23, 696, 26, 694, 27, 692, 30, 690, 32, 687, 35, 685, 37, 682, 40, 680, 43, 676, 46, 673, 48, 671, 51, 669, 52, 667, 54, 665, 56, 663, 58, 661, 60, 659, 63, 656, 65, 654, 68, 651, 70, 649, 73, 647, 74, 645, 76, 644, 78, 641, 81, 639, 82, 637, 85, 635, 87, 633, 89, 630, 92, 628, 94, 626, 95, 624, 98, 622, 99, 621, 101, 619, 102, 618, 104, 615, 106, 614, 108, 612, 109, 611, 110, 609, 111, 609, 111, 609, 111, 609, 112, 607, 113, 607, 113, 607, 112, 608, 112, 607, 113, 607, 113, 607, 113, 606, 113, 607, 113, 607, 113, 607, 112, 607, 113, 607, 113, 607, 112, 608, 112, 608, 111, 608, 112, 608, 112, 608, 111, 609, 110, 609, 111, 609, 110, 610, 109, 610, 110, 610, 109, 610, 109, 611, 109, 611, 108, 611, 108, 612, 92, 5, 9, 614, 92, 627, 92, 628, 92, 627, 93, 627, 93, 627, 93, 626, 94, 626, 94, 625, 95, 625, 95, 624, 96, 624, 96, 623, 97, 623, 97, 622, 98, 622, 98, 621, 99, 621, 99, 621, 99, 620, 100, 620, 100, 619, 101, 619, 101, 619, 100, 619, 101, 619, 101, 618, 102, 618, 102, 618, 102, 617, 103, 617, 103, 617, 103, 616, 104, 616, 103, 617, 103, 616, 104, 616, 104, 616, 103, 616, 104, 616, 104, 616, 103, 616, 104, 616, 104, 616, 104, 615, 104, 616, 104, 616, 104, 615, 104, 616, 103, 617, 103, 617, 102, 617, 102, 618, 101, 619, 101, 620, 99, 621, 98, 622, 97, 623, 96, 625, 94, 626, 94, 626, 93, 627, 92, 628, 90, 630, 89, 631, 88, 631, 88, 632, 86, 633, 85, 635, 84, 635, 82, 638, 80, 639, 77, 643, 73, 647, 70, 649, 65, 655, 59, 661, 55, 664, 54, 666, 53, 666, 52, 668, 50, 670, 48, 672, 47, 673, 45, 674, 45, 675, 44, 676, 43, 677, 42, 678, 41, 680, 39, 681, 38, 682, 37, 684, 35, 686, 33, 688, 31, 691, 29, 694, 25, 698, 21, 704, 15, 709, 9, 118561], "size": [720, 1280]}, "R": [[0.8191062211990356, 0.006761416792869568, 0.5736017227172852], [-0.5729002952575684, 0.06046198308467865, 0.8173916935920715], [-0.029154499992728233, -0.9981474280357361, 0.05339832603931427]], "t": [160.72177124023438, -34.717647552490234, 268.74566650390625]}, {"scene_id": 0, "image_id": 0, "category_id": 1, "bbox": [922, 199, 204, 168], "score": 0.58295077085495, "time": 0.0, "segmentation": {"counts": [672032, 6, 713, 9, 710, 11, 708, 14, 706, 16, 703, 18, 701, 22, 698, 23, 696, 26, 694, 27, 692, 30, 690, 32, 687, 35, 685, 37, 682, 40, 680, 43, 676, 46, 673, 48, 671, 51, 669, 52, 667, 54, 665, 56, 663, 58, 661, 60, 659, 63, 656, 65, 654, 68, 651, 70, 649, 73, 647, 74, 645, 76, 644, 78, 641, 81, 639, 82, 637, 85, 635, 87, 633, 89, 630, 92, 628, 94, 626, 95, 624, 98, 622, 99, 621, 101, 619, 102, 618, 104, 615, 106, 614, 108, 612, 109, 611, 110, 609, 111, 609, 111, 609, 111, 609, 112, 607, 113, 607, 113, 607, 112, 608, 112, 607, 113, 607, 113, 607, 113, 606, 113, 607, 113, 607, 113, 607, 112, 607, 113, 607, 113, 607, 112, 608, 112, 608, 111, 608, 112, 608, 112, 608, 111, 609, 110, 609, 111, 609, 110, 610, 109, 610, 110, 610, 109, 610, 109, 611, 109, 611, 108, 611, 108, 612, 92, 5, 9, 614, 92, 627, 92, 628, 92, 627, 93, 627, 93, 627, 93, 626, 94, 626, 94, 625, 95, 625, 95, 624, 96, 624, 96, 623, 97, 623, 97, 622, 98, 622, 98, 621, 99, 621, 99, 621, 99, 620, 100, 620, 100, 619, 101, 619, 101, 619, 100, 619, 101, 619, 101, 618, 102, 618, 102, 618, 102, 617, 103, 617, 103, 617, 103, 616, 104, 616, 103, 617, 103, 616, 104, 616, 104, 616, 103, 616, 104, 616, 104, 616, 103, 616, 104, 616, 104, 616, 104, 615, 104, 616, 104, 616, 104, 615, 104, 616, 103, 617, 103, 617, 102, 617, 102, 618, 101, 619, 101, 620, 99, 621, 98, 622, 97, 623, 96, 625, 94, 626, 94, 626, 93, 627, 92, 628, 90, 630, 89, 631, 88, 631, 88, 632, 86, 633, 85, 635, 84, 635, 82, 638, 80, 639, 77, 643, 73, 647, 70, 649, 65, 655, 59, 661, 55, 664, 54, 666, 53, 666, 52, 668, 50, 670, 48, 672, 47, 673, 45, 674, 45, 675, 44, 676, 43, 677, 42, 678, 41, 680, 39, 681, 38, 682, 37, 684, 35, 686, 33, 688, 31, 691, 29, 694, 25, 698, 21, 704, 15, 709, 9, 118561], "size": [720, 1280]}, "R": [[0.8233404159545898, 0.019211798906326294, 0.5672224760055542], [-0.5670385360717773, 0.07017293572425842, 0.8206964731216431], [-0.024036679416894913, -0.997349739074707, 0.06866970658302307]], "t": [160.32940673828125, -35.106475830078125, 269.0498046875]}]